-0.560709019646 2.62135105537
1.86641066587 -0.597826149691
-0.191510662507 3.49183912219
3.98096460194 -0.159684384557
-0.117266250635 4.41275193028
-0.583116044088 1.54773691888
1.1301417181 -0.855951582744
-0.208119781853 4.44451289757
-0.54428970313 2.65100969837
-0.727837095473 1.80722076701
0.318622905982 -1.89111304107
-0.241053234852 3.40394693043
1.25451514344 -0.899568426569
0.800953427762 -0.767741054152
-0.226066199957 4.52146404511
-0.460439097752 2.69562420581
0.673827681322 -1.56023013013
1.15582032157 -0.756700144586
-0.450115541563 2.54454290792
0.875048755505 -0.855332925028
-0.831775108052 1.01655369238
0.463505028724 -1.53887182755
-4.9321838035 0.187032611125
1.2144778892 -1.22941631265
-1.05726047274 1.326298309
-0.201474274626 2.90263136278
1.68433757351 -0.773376861975
-0.419781954022 1.64598557249
0.865497809837 -1.5234800276
0.64761953556 -1.53271707185
1.9073012636 -0.344660276429
3.57577398884 -0.343209223723
-2.21302962801 0.624219703887
2.88116964284 -0.34302999894
-0.226022264239 4.70808373937
0.665994743057 -1.86265378949
-1.06865444195 0.687446354756
1.6914988364 -0.486527239838
0.518498448512 -1.56863382722
3.23018391315 -0.209625068633
0.916427318073 -0.647078302857
-0.949886266877 0.694002565433
0.364609684454 -4.08477333279
-1.18573622251 0.619263675211
0.830681555199 -0.719789915529
-0.647067699071 1.06015524651
2.9689005049 -0.481947539444
0.182104752087 -4.12213965301
-0.465146291852 2.91311208365
-1.03800692171 1.39895384754
-0.305105397036 3.58385487962
-1.51732776697 0.555574289276
-2.3445416541 0.339960183779
0.146599540288 -4.52421941993
0.279253141587 -4.79671272577
-0.976884858291 1.20257102325
-0.870840617327 0.719097559162
0.182274319078 -3.93787448943
1.16506403629 -0.8598506264
3.25027373413 -0.45703610294
-1.09125125196 1.36720298114
0.835385391528 -1.58924077662
-1.24757564645 0.416185567657
-0.503701739875 2.95661632002
-0.29431200124 2.190150311
0.921846992718 -0.613603342912
-0.740231787803 1.97106011112
0.454529774236 -2.06693656391
-0.232488471999 3.60757241041
1.22979668906 -0.723106447732
-1.08993079399 0.55847017166
-3.68235002348 0.138865812956
-0.297188951457 4.77404499879
0.352472014032 -3.30276763538
-0.381778088155 3.61775275548
-4.94581724324 0.190260923819
-4.1231657583 0.282500756044
1.05013140407 -0.61801419675
0.248496298199 -3.59050437945
-1.14186161975 0.862078813453
-3.59203808188 0.262048338488
-0.753499764889 0.774166135656
-0.673350853803 1.84187112885
-2.79436947187 0.203848652695
0.266478744967 -4.80210566252
-0.430177977415 1.44463993722
0.348798285745 -2.83716329839
1.69185042252 -0.521093972713
0.45263267959 -1.35556091739
4.43873171634 -0.153532405014
2.29299252453 -0.623938873747
-2.93816349892 0.192261894781
0.657660487216 -0.979280832958
-0.293106298999 3.25217556434
0.168971547828 -4.04702571283
-3.56227211662 0.348801974186
-0.542520689386 2.0959517996
-1.4427670582 0.911445058148
0.407608762695 -2.87241905647
1.85757447666 -0.52754929325
0.418561621632 -1.2176832301
1.72658918813 -0.467543686986
-0.582697973938 1.6256887213
-2.45445440265 0.352267976894
-0.363429923115 2.28483299928
1.73966463787 -0.476184794291
-0.347543466868 2.43809031678
4.54035638554 -0.121529483059
0.228854228822 -3.97716885377
0.366229426495 -1.90081477037
-0.662403891151 0.809601913861
-0.943723028535 1.34110686111
-2.70359270915 0.374470680733
1.04627999618 -0.716824134604
2.1363475886 -0.253334653177
0.271041242715 -2.79982395667
-3.61331052152 0.415097609717
2.19204874668 -0.41921511931
0.215348237934 -2.91076078161
0.290119584782 -3.74140508099
-1.14797105589 0.625823509133
-0.978714738233 1.51532345113
-4.06137922385 0.202650534863
0.902833979536 -1.58896453904
-0.29887476613 2.8865037212
-2.85499186707 0.261085829818
-0.224120941436 2.73604399145
1.32571584217 -0.38961068965
0.82361207997 -0.92469935498
-0.338918858865 2.90461243264
-1.26035928052 0.899075521769
0.282440890483 -2.29302182634
1.25304820022 -1.06328594199
0.317782327665 -4.52315083903
1.24722605087 -0.632386734228
4.29692867202 -0.252597256101
0.213965175023 -3.91055084567
0.16142288496 -4.92654451981
0.121488996634 -4.20247720701
0.981107922381 -1.31424943553
-1.07735250683 1.36230131475
-0.565470607366 1.53607564848
0.984560787015 -0.753601769078
0.314952249191 -4.64820728592
4.33416514863 -0.152410101088
0.216856835169 -4.17120578458
-0.806743288348 0.711957368732
-1.3273963141 0.743568956744
-0.956532322399 0.779040183663
1.19341134014 -0.807583109279
4.78286376141 -0.27370031471
-0.809785892367 0.76266467745
-1.3353079857 0.390361214088
1.78050477317 -0.801514514714
-0.991286997351 0.839721729881
-3.11895615859 0.170526644017
-2.23571318481 0.450063598325
2.82363230114 -0.360612215136
0.211295603106 -4.52630976042
2.04769906152 -0.376195166409
0.549046249585 -1.19624739928
0.440574862008 -2.36410103764
-1.18625071355 0.524186835354
0.118501206792 -4.61385857682
-2.80206977159 0.518585654953
1.79163548998 -0.562800244633
1.47374786361 -1.00677541187
0.573469613969 -1.78371503023
-1.52350889113 0.81940930601
-0.118174271664 4.39203103964
0.939883627235 -0.756803111567
-0.581385075051 2.23896958192
0.276043819546 -2.557779321
0.61498232501 -1.24505897634
3.91155556184 -0.301364279766
-0.623322054055 1.0247452242
-1.09296285022 1.13555366379
-0.514076091697 2.12502266229
3.91533895191 -0.145021433186
0.269224182443 -4.87557461058
0.363295668989 -2.61241477187
-0.28428495977 3.69959934093
0.711679368702 -1.76105996062
4.3150501769 -0.319096615086
-1.03654992205 0.552417579266
-2.47213652634 0.543887493974
2.76420438225 -0.502074586081
0.152279050237 -4.02587150192
0.132880126863 -4.88978492725
-0.429022717693 1.36623165629
-3.56855449479 0.208913107343
-0.19278035292 3.45902622633
-0.546576262967 1.42237401878
4.33454563057 -0.136634208901
0.645403360646 -0.783269456507
4.63719446099 -0.272717033889
-1.28208015862 0.573447746371
-4.7601537714 0.181127304766
-1.58107778359 0.64241721152
-2.51471102089 0.373407240654
-1.43029219714 0.809100604062
-1.83856282701 0.318379172246
4.72236416754 -0.285180652591
0.19320524813 -3.58811779706
1.09351768971 -1.32860624038
-3.34726542299 0.21473254248
-1.05918128762 0.882885144418
-4.13993441061 0.28539425834
-1.09127547433 0.907938826102
-2.69403780064 0.428954156169
0.571632215037 -2.08346669984
2.58614637388 -0.337103891671
1.9110333214 -0.39808605123
2.82440099182 -0.258336729783
1.03070336651 -0.589554696463
-2.28103886812 0.561403078095
-0.714289874728 1.56154675536
4.15907836585 -0.230719665032
-3.3858233043 0.314581460023
-2.32591794707 0.555256860069
-0.230661549965 4.12044139167
0.884697277206 -1.32538464574
-0.397388927862 3.44078334434
-0.237482464841 4.25988880436
2.5762600302 -0.390565576257
-0.999534341687 1.33391611915
-0.263911989247 2.26326617419
4.95912290831 -0.232397365985
-0.324673872236 1.90730280182
-2.63418000187 0.415098356869
-2.02391600743 0.588962949203
0.285481292359 -3.75664063205
0.235017714819 -3.39748005507
0.396805111327 -3.04616017672
1.40800107937 -0.65400779455
-3.8380192629 0.274644882648
0.266890564098 -2.58356997939
-2.34880033214 0.61567819759
-1.32345320859 0.568911862451
-0.482995458481 1.52190011949
-0.900296217346 1.24641083324
-0.407836890735 2.4174094958
1.97493555468 -0.70755209835
-0.822071815942 1.03831924599
-0.524309861959 1.65928591748
-2.21634473435 0.489392173478
0.682350917633 -1.13397747142
0.730954461197 -1.41875999675
-3.23724178104 0.389774387833
-1.27042230998 0.499800127864
2.42385448404 -0.357655828951
-2.70367823823 0.239193251059
-0.986352717071 1.2590132528
-2.5880390437 0.286200949698
-3.35283725202 0.298034823122
-1.20580150686 0.671877776673
2.17993233136 -0.609794171371
0.536030496987 -1.75828443535
0.349383849575 -3.72825800347
-0.636988003229 1.72710523862
2.97070377014 -0.334660809955
-0.252760329556 4.90259511581
2.09628253999 -0.601259059737
0.192322818399 -4.26905323009
0.438947590687 -3.10274485064
0.33918689342 -3.43864399723
-0.353621932257 4.20028504312
2.08554808613 -0.383365605268
-1.25532419967 0.814987402901
-1.53875157635 0.421954137489
4.25398484722 -0.257220518841
-3.29333031371 0.3122983111
-0.275779998805 3.51243810881
2.58841946158 -0.484673948087
0.993987130059 -1.21692730447
-1.70791436198 0.593611056569
-1.74730977204 0.596170605689
0.371343266369 -1.82749907936
-0.366449597013 1.73698163513
-4.37990645383 0.332605157527
-4.37088390198 0.339039772599
-2.64426571985 0.247745772485
-0.784328558704 1.72527221189
0.308741950125 -4.53597968656
-0.280919998161 4.85455056666
-0.183177407561 3.49889007754
-3.89041598491 0.363539964051
-0.429980003991 1.87233755187
-1.54326609949 0.791050005705
0.402223170397 -1.88782684741
-1.15224224138 1.21237422095
0.583047082683 -2.284373125
-0.403144760262 1.40976928356
-2.60753725506 0.271927245873
3.76553177672 -0.212665847735
2.75323912997 -0.188422698114
1.54458488112 -0.950747525217
-1.1314819709 0.881598116605
-0.490872076351 2.39607027926
-2.69263988494 0.329392107827
-0.773805936182 1.85733629508
-0.873479166315 0.780199858775
4.46622153005 -0.223234828556
-0.410122829292 2.16065111791
0.883086601994 -1.26466054492
2.82160926355 -0.391782878186
-0.585949516987 2.13378973939
0.170136345742 -4.65896957056
-0.885236303762 0.581246397204
-1.04475492133 0.492471901667
0.941891437865 -0.615238458531
-1.12761855054 1.04576419988
-0.372543646009 1.47202549202
-1.68031604987 0.380901047079
-0.208069735083 4.93232547872
3.51950096877 -0.283021849473
-3.87213954408 0.378823057573
-0.390851470636 3.57171420844
0.754280834703 -0.728556255073
0.90725354052 -1.44243569025
0.784183034573 -0.673109335326
-0.161654045113 4.93386058603
-2.22756852091 0.566586817816
-0.362002804574 1.5153306911
0.301978713109 -3.33928087755
0.487986440825 -1.78085526038
0.773612641859 -0.998871565435
3.44798765833 -0.3862664154
4.83399758853 -0.2982767287
0.589618815025 -1.79051231386
-2.34850510434 0.506608173533
0.11303324079 -4.81665964915
0.273477661548 -2.91332075128
-0.867291562757 0.87329876613
-2.96790017996 0.219374456194
2.75006684179 -0.32300472928
0.276965985051 -4.6584452672
1.59857219548 -0.317502595599
0.838671366793 -1.71941208747
-0.380902853031 1.9404808274
-1.97318987898 0.359558068745
-4.31092095579 0.132689835785
-0.23247981492 3.07420786251
2.38016916599 -0.518096083814
1.16918097823 -0.448962307355
0.430079230049 -1.69532963575
0.220383145928 -4.41100749612
-0.888853907962 1.096147947
0.353813971579 -3.06842105951
1.62603738246 -0.913029828696
0.36790535241 -3.26420612862
-2.16318005637 0.53166282339
4.21647554476 -0.344583495499
-0.719755247042 1.3429978939
0.151854489647 -4.42706329629
0.791126352381 -1.58880782932
-0.422135210883 2.67683634393
-0.64683362347 1.66865134703
1.49976928255 -0.909202119909
-0.523364673299 2.27003190602
-1.12342713471 0.937531055267
0.512411659431 -1.8296149561
-0.262482582367 2.28709619513
0.19724022454 -3.89200012071
0.575651418325 -1.15291001281
2.38639527212 -0.261758825624
0.41541433781 -1.80548121924
-0.503301197203 1.45264914498
0.301408895557 -2.18688070775
4.84164731785 -0.242354542261
-1.33298237494 0.505425660721
-2.01023423736 0.53315783706
0.534801232571 -2.732954363
1.27211128192 -0.618709951358
-3.3081941935 0.441678389972
0.349869916623 -4.27534885751
1.24990673327 -1.03192251553
-2.09597565387 0.251648186174
0.523723045976 -1.91179460629
-1.11513127948 0.508327900623
-1.44537667587 1.01344286135
0.242844940865 -2.06156724096
-0.782078440069 1.82353020219
0.430106667751 -1.34538511993
-0.428387938192 1.88320021667
-0.807585803986 1.36817618151
3.76560521072 -0.349206732056
0.850538262864 -0.986421752598
0.937363206047 -0.743294155976
0.179481541006 -4.80962073363
-0.565535515044 1.71154907212
-3.48812215999 0.256982214548
-0.385077086502 2.27017171742
0.43883294746 -1.91552187341
-0.133577342362 4.059752357
0.445420357697 -2.2714485463
0.781011860266 -1.78627219922
1.95012528494 -0.565648191164
0.584936227038 -1.98065432767
0.274771576752 -4.3817664093
-0.562388643189 1.31657634253
0.277228779015 -2.90721815584
1.84436149298 -0.630612676953
0.334500649984 -2.07487469306
-0.261469170067 2.6015988567
0.952467715905 -1.16363069846
-0.475857391957 1.10221976649
0.848925963629 -1.38280882074
-1.39795541434 0.932699684863
-0.501274505676 1.35406097099
-2.27362053546 0.407828303655
0.555777867505 -2.37517078789
1.76250165731 -0.839536462407
2.90730510068 -0.356515565911
-1.04017255126 0.598269521319
1.51801629336 -0.606943043537
0.340876303459 -3.4551692189
2.33486608611 -0.482784064385
-1.06000699561 0.700741042899
1.02695719721 -0.846296289555
-1.93729336519 0.61268123587
2.87037912597 -0.406821511433
1.07910541478 -0.74239879504
1.43471117166 -0.730867597103
1.19490430702 -1.02894721322
-0.439837609991 1.33614771926
-0.818794576966 1.72388941749
-0.828587085983 0.829432000182
2.04432881094 -0.296235038133
-0.973959664887 1.53860758054
-1.5620950891 0.673703543159
-0.713462557 1.15779298126
1.10262215204 -1.31934690606
-3.71248286625 0.230846532782
1.77934835412 -0.806851759287
-3.13662062193 0.261876543442
-0.194106413434 3.35432738917
2.02666567187 -0.521044568884
1.97406644554 -0.652548345646
3.02460902547 -0.353462711949
0.460847040015 -3.0690917143
-4.18836479439 0.175548414418
0.786069387417 -0.801510661904
3.73827810997 -0.178425869499
-0.529498726295 1.04944377257
2.96178859977 -0.323068568609
2.42075232078 -0.389045165631
-0.241943215208 4.16073716356
-0.82007685199 0.787504559669
2.78701585596 -0.38667494632
-0.211570051872 3.08783266059
0.664466352577 -1.53597834732
0.95996912826 -1.33985269532
-0.440745539899 1.76488782971
-0.358305127183 3.05169882281
-1.91465817353 0.658955561817
0.370320468387 -1.36204912762
-0.217008427538 4.74687321781
-1.33119837736 1.02505135137
-1.00476322934 1.31326884905
-0.27991407106 2.15443901455
-4.80259144131 0.121263065292
-1.92295825989 0.778187884948
-1.91927181725 0.664495051394
-0.35116083025 2.46566293642
2.10429354681 -0.406233797244
-2.63398109215 0.2101583425
-3.57688463605 0.259001277327
0.868524912449 -0.86674481642
1.24703245799 -0.610087626437
-1.33695456601 0.454231747159
-0.93773740962 1.48842961803
0.418395084151 -3.17377911853
-4.77442730842 0.215198460501
-1.37534562275 0.749172604601
3.59214720613 -0.365719036579
0.163540272917 -4.23123818781
-0.819717366657 1.25919060193
0.562646206661 -1.37697060421
-2.18858983535 0.480227936718
-0.18925480102 2.68447499216
2.78014549161 -0.325940963922
2.71419325386 -0.214874357393
-0.355057924088 3.34095619683
0.6453335092 -1.22511160744
0.310134252248 -2.39521541193
-0.263005351716 2.76793708145
-0.202863622751 2.52206443116
3.66876208675 -0.240593968697
3.27405933524 -0.241234306115
-1.24404738416 0.566282737411
4.5572461029 -0.264939960516
2.04748153419 -0.493835192577
-0.358371755018 3.52647558597
-0.243831837282 3.60331310952
-1.12844722403 1.27391585562
-0.525470494346 2.13818744519
0.629934969787 -1.75837882406
-0.194727925234 2.82681868831
-0.710828273357 1.97911113687
