3.00679327436 0.192430818455
1.11529433801 0.616404109584
1.30154203252 0.9037743921
-1.03238788025 -1.20111575961
-1.81064928947 -0.691426575758
-3.88388964996 -0.27536183389
0.558419847748 2.48329694508
-0.734412524282 -1.75691123892
4.46198245714 0.324024755208
-0.400803091815 -3.18803337296
-1.39071600253 -0.772836738638
0.295398726499 1.72565233218
-1.50501146162 -0.582947594105
1.1407066214 1.29152403378
0.365611688099 3.31436628725
0.167090733543 3.97016975675
1.49932286404 0.758621471144
-0.171858652699 -3.62822862107
-3.12291868979 -0.160890684308
0.19249602787 4.3715979799
-1.14944141402 -0.448107505487
-0.728060072731 -1.01038618274
0.508270397159 1.47637523285
-1.53859469385 -0.560289967371
1.19645737949 0.929705466641
1.4069745872 0.528130794339
1.77714775572 0.720628846583
-0.702390030387 -1.50515550694
0.512565332524 2.07152809126
-2.5973116767 -0.350542811776
4.0401382751 0.286544675771
-1.22034345169 -0.667113844559
0.229135389465 3.77257744791
-4.78832433028 -0.254464837565
-4.39369802596 -0.338975572257
4.23670295748 0.227882040807
1.76442981143 0.55535965992
0.56770765133 1.40536332539
2.85498229263 0.30326860689
0.273358907555 2.2091250594
-0.120975847143 -4.4605288649
-2.01689576572 -0.731480199356
0.150222949221 4.73832916479
-0.248143899536 -4.16963064157
2.41506607229 0.24821979772
-2.55359024638 -0.490071736399
-4.36442905452 -0.182913506635
-0.687134320119 -1.64217329579
-0.280783075423 -3.95455669036
1.92476962317 0.550102825021
1.35372119374 0.578846299033
-0.354417292395 -2.56945536887
0.180338411352 2.99464262189
-0.183253997643 -4.30607962803
-2.98284409368 -0.174794953067
-1.49745352393 -0.959551938396
0.327420225967 2.8784804387
-1.92497143835 -0.622624241253
-0.907517193722 -0.755992629297
0.161550558879 3.35913467409
0.157524862271 4.30037975821
-0.515566234092 -2.26695900657
2.49787283691 0.25652133467
4.74617604784 0.178495034964
-0.267340224644 -2.74067643572
-0.442328122903 -1.56701293288
-2.58919698321 -0.477579040332
1.37697468169 0.547223936316
-0.866545221521 -1.33569671355
-2.1390694889 -0.302504215851
-0.854799405862 -0.71616566548
2.41511978068 0.528934963075
-3.16179572281 -0.461381750619
-1.1290887535 -0.651146899911
0.23592930132 3.30156293862
2.63618026152 0.42018684082
-0.250045798469 -4.04662848708
2.37364042559 0.241091912947
0.830858866083 1.61975092176
-0.937866388564 -0.556255397198
0.430017141178 1.52828589635
0.33989079575 3.29873828448
-1.74247457948 -0.692415862036
-4.48024233425 -0.132563430294
-0.1716381702 -4.60353451745
2.61999984426 0.34699675263
3.89984512769 0.140227694006
-1.11507097929 -0.896055964155
-0.459411036433 -2.56420511123
-0.45013040061 -2.80285111019
0.2596226681 4.60571740411
-4.86880101512 -0.141373645646
-1.47396977565 -0.481774466795
-1.16661915008 -0.449192323583
-1.28119555456 -0.565241124342
-2.85643448225 -0.262102106838
-1.43029964768 -0.494848401559
-2.39160777983 -0.231524569716
0.607279166008 1.56107675144
-0.259679592967 -3.83546239791
-0.951515490925 -0.863298348172
0.319669393522 3.60877212739
0.265233491964 4.64402003732
-0.141392605555 -3.87366953908
0.978298349189 1.00329669855
-1.11324137534 -0.738168388288
0.213728510795 3.15555634464
0.572571902158 1.53213078041
-1.3233040493 -0.66625366707
-2.05907582823 -0.478903443288
-0.351331835151 -2.51805097328
0.589772089417 2.34449477688
-1.10073962669 -0.533379930296
-2.56196689608 -0.248154717835
-3.37928882959 -0.162960258582
-1.58944689018 -0.885782983592
2.90735239873 0.398639302817
-3.19392120737 -0.243344313764
-1.3511428605 -0.726417892628
-0.579256380105 -1.63824487524
-0.343153083912 -2.67695085654
0.609823983137 2.40604349456
0.439813629731 2.08076549413
-2.68978539898 -0.327419452863
1.03726305756 1.38034431942
-2.36667522987 -0.410854903899
-3.04353231651 -0.433572757293
1.78011775463 0.739245481422
-0.243185711633 -2.83109445877
-0.583746432741 -1.46514651561
2.00573312864 0.42446832368
0.65969677497 2.10479445594
-2.45167597789 -0.275298920551
2.44325346466 0.248386005579
-1.51843817906 -0.675415096232
-1.70898390568 -0.825873175395
1.34568009297 0.736602626601
-0.528384706595 -1.08968623655
-0.404319208666 -2.29300076182
-0.288321253859 -3.92814213366
3.90428044407 0.375561386499
1.54585077694 0.598151280038
-1.7118929126 -0.811326362355
0.5296832685 1.99025362276
4.65180863784 0.289761522192
-3.54419116074 -0.293427849166
-4.80165768957 -0.265702216694
1.88730521932 0.757201128387
2.78087891271 0.348629361177
-2.48553571572 -0.391114567158
1.06008334555 0.597889211933
-0.796162757475 -1.39270916746
-4.05547500733 -0.331606276859
-0.578075437656 -1.18888784999
-1.98695208932 -0.623175693602
-3.35762398865 -0.432430367974
-4.33797270276 -0.234812299902
-0.281067087268 -4.31733591553
-2.44944623376 -0.560495975949
-0.419400367533 -1.9370203127
3.46335576259 0.292796392621
0.412033773329 1.87023120073
-0.868866095259 -0.688056842715
-2.02977165093 -0.645806446028
1.05845848138 0.790151939967
2.4406634101 0.444089459475
0.232541325633 2.95347377806
-3.13225703709 -0.294161035815
-1.82854054807 -0.645480160176
-0.569475844989 -1.89101885504
0.471671679265 1.13771134683
-0.209671190321 -2.43277582844
-0.854555964219 -1.504161722
2.14006315233 0.244577439781
0.581204971481 2.51532795304
-0.604405253016 -1.86524236092
-1.79531013214 -0.577958899976
1.18929890588 0.458752220798
-0.350849648188 -2.10721640816
-1.63191976716 -0.52357318987
4.05975807265 0.167907379133
-0.756233349713 -0.675826689146
-0.17248630323 -3.02635749085
-2.07158290814 -0.680170239777
2.32091113157 0.554932176229
-1.4981518487 -0.693557907801
-0.208203984424 -3.26389229747
3.40942087795 0.438145757062
-1.63195792935 -0.376049547414
-1.55505527544 -0.44213219928
-0.46715861546 -2.310412121
-0.383841453844 -2.60912512198
-0.863130314383 -1.2162195279
0.377336923686 2.16866488761
-2.18139709061 -0.548156691229
-1.19644176261 -0.970792637857
-1.15952411633 -0.828026397805
0.75684482723 1.36091253916
-2.86290696368 -0.201346591008
-0.343775246731 -3.1385382642
0.526449854171 1.53664193722
2.51889311195 0.229122691531
-1.49057912265 -0.451318243622
-3.27554647519 -0.190671232991
2.42070180066 0.486440611553
2.90984140382 0.402485399847
1.8997738868 0.754646782865
2.22071929388 0.3350058474
0.61816333555 1.23581819334
2.50028201667 0.278560627769
-0.342249083585 -2.82641227645
-4.22447458547 -0.344808536254
1.2621257056 0.647249629681
2.57003088907 0.404907398368
-1.53333194889 -0.428304264602
0.76965590615 1.35713690328
0.691294019355 1.94010869725
1.18742417591 1.18569299358
-0.726866463303 -1.21066787958
-0.707982413318 -2.11506538241
0.616240218594 0.920667980219
-0.90007687549 -1.18296092865
-0.318996670134 -2.85031312153
-1.38009376646 -0.828827925105
-0.172208557955 -3.02030226459
-0.557271549288 -2.67978195021
-0.384477959699 -3.01944409825
-1.07178540039 -0.847415555141
-3.89897027006 -0.199060275687
-0.45831400742 -2.02959270801
0.290310522705 4.87405733907
0.642369809984 1.14331074378
0.951118148219 0.604449123641
-2.86593456414 -0.469610754705
-0.539354167782 -2.41994680476
1.29251174605 1.1237760904
-0.171378600576 -3.69905667425
-0.15340180369 -4.96559489895
2.81046671738 0.304871955136
-0.56849419867 -2.40838734403
-0.365076001104 -3.73340957792
3.89677137119 0.262650164071
-1.17681771858 -0.650956478632
0.149176139622 4.09808913162
-0.401590673615 -3.56404232485
-3.73632175436 -0.242188797809
-0.532482166924 -1.61805326272
3.05824430283 0.474583578767
2.40238001933 0.219496659155
2.57883032762 0.391348342693
-1.0443936377 -0.743032419622
0.291252433826 3.45176139612
0.583922576403 2.52338970294
-0.949673190525 -1.56314429908
2.67256068751 0.305480440444
-0.307847304638 -1.64326763833
-0.997231937313 -0.747974632396
1.00589162344 1.21252674701
-3.81054235747 -0.153518721562
-0.591505334929 -2.33237624793
1.37767284617 0.97583997569
-0.591875277759 -1.27477315367
2.30198903314 0.523783979774
-0.882359226783 -1.51544950276
-1.34357878826 -0.443709487798
0.198256540787 4.43738917726
1.69022405218 0.808467187517
-1.51784472929 -0.77250042822
-4.9563762737 -0.258174477615
-0.679953234213 -1.86932124437
-1.15554208789 -1.29656315615
0.280946191508 2.76623573379
2.77646275456 0.284703731307
0.783889029792 1.11520160529
-0.628774557362 -1.43761003202
0.243702199217 4.12834245221
1.15092821286 0.924013952378
-1.77409712149 -0.842829373362
-0.551463069732 -1.44941761601
2.4209897103 0.371136399503
0.489814319951 1.67041415617
4.04981141651 0.273418491236
0.289369366402 1.78477522118
1.00388436933 1.42992506401
0.235428489927 3.23858045682
-0.286496200068 -4.42824365708
-2.227090252 -0.486556084093
0.360023662552 3.69822446227
0.257024356454 3.35389090953
-2.89214966999 -0.217764263536
0.718730791326 1.58697495244
-0.754701296052 -1.94408804158
0.802295010658 1.57069046396
0.932816270815 0.584623755209
1.90824415327 0.402925102546
-0.55384567703 -2.39515011282
0.422363358578 1.94132365756
-3.42156868248 -0.235993522224
0.524260238213 2.74136164413
0.217521792554 4.40273615404
2.56775467408 0.532257954111
1.92011900301 0.370902187809
0.465314641737 2.14400736149
-1.04694173285 -0.924316556786
3.54206359066 0.374704102668
2.70072862915 0.48017621054
-0.413540554474 -2.37032976935
0.83377861233 1.40544759703
1.14651805607 1.00515198445
-1.08191633253 -1.04954025423
0.154514651782 4.62606450801
2.82145166681 0.22757722725
2.94151487524 0.191448728169
-2.4056953223 -0.555259098224
-3.47605344581 -0.429205193069
-2.88959739831 -0.492883101392
-1.95807891866 -0.501747506223
-0.312672790792 -3.94324366407
-0.152672997258 -4.13721439141
-0.924547954386 -1.52416827216
-3.27268337208 -0.334860356944
-0.387223066695 -3.59731157059
-3.89903541253 -0.220032237206
1.32634963501 0.455408394953
-2.4930567454 -0.325625670434
-4.10696440151 -0.215069547568
0.895025766304 1.05644966528
-1.14744837115 -0.85962891666
0.472539097875 2.32288462525
0.326154137977 4.57336515381
-0.542376900458 -2.75980261971
-0.235171471043 -4.65279655256
-0.392570999321 -1.71299397873
-1.06106375101 -1.09466840078
-0.404386093049 -1.94007133522
-4.97027509998 -0.106556105036
0.241629275502 3.35503751911
-0.425658989892 -3.14461644185
0.394127057848 1.46012877043
-2.28695631537 -0.251202158438
-0.34204261905 -1.79906877199
2.21155120382 0.676040272117
1.31019953418 1.05526811458
1.75429469685 0.590760101539
-0.778174188975 -1.37836847199
-0.232364319094 -2.62661967929
-0.400715099143 -1.5268577769
-0.290051466388 -4.34154074156
0.620126721184 1.31492728468
-0.623353280512 -1.78976662645
1.44542222235 0.624151647484
0.554139354958 1.99965683199
-3.00236888877 -0.39663626143
0.166870929261 4.28712579616
-0.313741866136 -4.01133002575
-4.17396020964 -0.279579397053
4.39964629355 0.228653400903
3.18500287032 0.214958043366
-2.30346905259 -0.468484126916
2.62381359652 0.308385005487
0.251082196323 4.0402621218
-2.40137833717 -0.587620404006
-0.235873037358 -3.37885748993
0.384800802635 1.58125026449
0.981944478 1.2112134762
3.33448767634 0.16791767743
3.60295558981 0.258950344781
-0.788831904869 -0.849739869768
3.66302398343 0.215974165719
4.25013196295 0.322774738612
-1.51132610023 -0.378130749736
-0.627088913353 -1.35142357681
0.257243428764 4.27996198352
1.97364768248 0.728747286921
3.37300138429 0.410511556709
1.65043286322 0.843912680849
-0.121666132046 -4.31138458861
-0.143791306233 -3.55575293112
-0.495022527046 -1.72450558559
0.292852968735 3.38908597439
3.51492270415 0.34800568038
0.13448377605 3.83528515595
3.81913711072 0.173636131368
-1.01394966593 -0.55346405344
-1.62352385394 -0.862012366631
-2.02855761211 -0.424863751235
4.94536330842 0.125027698701
0.389681134555 3.45686767619
1.40629318478 0.404109086793
1.16651047854 0.571544261047
1.10565982469 0.687681377727
-0.910367841893 -1.31828847408
2.34882412321 0.455120173571
1.5317586274 0.420399160403
0.919858162046 0.761810372637
0.521924738233 1.40904109114
-0.62345326452 -2.24796607366
-0.178312550591 -4.31763693978
-2.01811882965 -0.587206111175
-4.85206752548 -0.252412770021
-3.07995280378 -0.239210767779
-0.85805324982 -1.39623573891
2.40949776831 0.378206607045
-0.909898840988 -1.15412906896
-4.8438598416 -0.237704254374
-1.62885575179 -0.349193423401
-4.58281616984 -0.282385091668
-2.75899104159 -0.224996862668
3.33711010844 0.26952841955
-0.150814725719 -4.74372194063
-0.301413731161 -3.15733301461
-0.420405560091 -2.31978960298
4.32170625498 0.312801066758
-0.698866666155 -1.4729310956
1.35147569472 0.908485464252
-4.30040548296 -0.213698060469
0.267077993104 2.61745642505
-0.414784937764 -2.22819470404
2.40005013836 0.595565254019
3.36431358677 0.213996243608
0.189756613601 3.42244837012
4.23603694031 0.204269175362
-1.17393843293 -0.827373913355
1.62986278273 0.344109711742
0.8519999054 1.14136013682
1.18259252999 1.22943650009
-4.37173779584 -0.188338537463
-0.385808045144 -1.32348001146
-1.01791282654 -1.15656435332
-3.15671176076 -0.314895084709
-4.28507552023 -0.199555998767
-0.791214636673 -1.1870479591
4.77226398647 0.125943193802
0.441665584428 2.92325213276
0.796708465925 1.75616764543
-2.46098870449 -0.234630545435
4.96118321689 0.179438708282
-2.66421841628 -0.281566931648
-0.458587158681 -2.62071842541
2.24039918212 0.607138223395
-0.844161840289 -1.65449480064
-1.15238710206 -1.22542391405
-0.936909391848 -1.53944910032
0.60862790727 1.7400844171
-3.92316697151 -0.1955556548
2.36482899918 0.365754799791
-0.257493031781 -3.40981616923
-0.603017959774 -1.06113251392
2.65126092999 0.272029875502
1.25304274004 0.639676321341
3.33553587761 0.416994144212
0.787688282269 1.88082092996
-0.334707974558 -1.54867066052
3.08770719169 0.264836312155
-0.754311564599 -0.789936791614
4.14223074409 0.17022576371
3.84771456294 0.19229294372
1.05706359668 0.959524059226
3.91433726936 0.166252994128
-1.82952926022 -0.586903251415
-3.26294702849 -0.230493114118
-2.95650868871 -0.207847808297
0.316720630062 2.50779525382
0.633473209698 0.989987668821
-2.48159821473 -0.264939196142
-0.350002032938 -3.8342642848
2.44735477361 0.560476473088
-1.07881873593 -0.947261566664
-0.597554078554 -2.2400012317
0.634441703526 1.57442105192
-2.21415823742 -0.22860025275
0.235184865635 4.16675959389
4.0721384256 0.205092032654
-0.368316223973 -2.31262525121
0.211846838385 4.30349527344
3.86482234368 0.301567122037
1.16874609888 1.03941232939
-1.84312338377 -0.300029140281
-2.53757789299 -0.418845611165
0.524048737261 2.48042849134
0.412641195924 3.37042322453
-0.373973924213 -2.2132276362
-0.648960953007 -1.21234310399
2.8609712931 0.273713562233
-1.80592054188 -0.750579274754
0.236536299621 4.78343516454
-0.552900773109 -1.03161171493
-1.51585577637 -0.49003739366
0.287195705361 3.95857606249
0.267803157847 3.19300412608
0.133272266618 4.59079177106
0.375179909833 3.47508688732
0.163169866529 4.56381842317
-0.77959231596 -1.15987721006
-0.811045093518 -1.01031665037
0.239005192144 4.65091629363
2.66455120308 0.502733189692
-0.263310473516 -3.73120521673
0.30218256792 3.48869605057
-0.646015036046 -2.06667245551
