1.29364738255 -4.11392825956
-4.6948315733 1.65633088992
-1.91460847307 3.05216581577
-4.39605636198 2.88526974289
-4.19672847698 2.58037975771
-2.41436077209 1.45940518195
-1.06120022661 2.6807245104
-3.48910413582 3.51111129808
3.19337255552 -4.18429411822
1.04215350439 -3.08382493122
-4.08215456475 2.82051809369
-3.36648443857 4.32347317091
1.4721435864 -3.90514419942
-1.65122820715 2.60049814082
-4.34921536752 3.81558536064
3.7077458579 -4.19700067825
3.7214731422 -3.04969781046
-3.94148415341 3.79341342829
-4.57076177573 3.580154951
-0.739083216676 4.10177340546
1.64376059015 -1.56157353233
-4.08080580786 0.820351589616
0.968121172943 -4.05710041667
-1.63757846105 4.30692160886
-0.64802113206 4.62568205436
2.24169051316 -0.97074547316
1.10223140561 -4.58659275037
-3.22877876 4.46204474482
4.38562358022 -4.27256659156
1.95880277911 -2.71999557248
-4.34870134621 4.17881537184
-2.73421425787 0.692672045561
-1.07107963929 2.45943848641
-3.38895925633 3.14957313658
2.11359822264 -3.94643412358
-3.2899384114 2.39092836782
4.77513092271 -4.45716129322
4.2778115654 -1.95695982937
-3.5112898576 1.95910339245
-4.34389877091 3.17681774837
-3.81105570184 1.28203180901
-0.455521360598 4.27174005604
-1.31168639295 2.35186031598
2.16598647365 -4.54799720117
-2.58803802807 1.42004155282
-2.42301802169 3.59456752445
2.43042392849 -2.98806110444
-2.91019021163 2.29102559274
1.42370136977 -2.31273418933
3.69468418665 -3.7964655855
4.29847631689 -0.720271701528
-3.62643842038 2.92950447267
-3.83718555279 0.915179372539
2.69504529208 -4.15026117835
3.81810281121 -4.61129796859
-4.25899606464 3.57527359602
-0.97792297815 3.76421680141
-3.1325937128 3.83122947404
-2.09943336303 3.1438853218
-1.46171602533 4.33636312503
-2.42078722285 2.00801193367
-0.900053165531 3.79537074979
-4.04234996953 0.875428164541
-1.42569449021 3.28781173228
-3.66315874044 1.60456864099
1.17678994423 -4.93397910063
-4.3320217125 3.16467826554
-1.69847842163 2.44904907038
4.27949538252 -2.78355714495
1.50068008304 -3.34475579942
2.57473059968 -2.37019334329
3.5536956541 -4.49299084269
1.20948625301 -2.90859479767
-3.47330290987 1.46281021516
-3.55390531551 2.38197387571
-3.19201667706 1.54246807728
-1.28969316967 3.25725716577
-3.0384652762 2.68753876437
2.40579146851 -3.25418954416
2.64523313473 -3.40390609478
-4.21870555328 3.13390187269
0.610165726444 -3.35887810427
-0.6175607623 3.08512328397
0.648734450809 -2.7738730274
1.87111279895 -2.91331638101
3.60092787507 -3.02460511214
-4.12457123336 2.82139341223
-4.33618081785 1.78066076114
-2.45088687292 1.71538286855
4.51577066687 -2.37297848915
-2.65446390998 4.69211016882
-1.90754085495 4.2602708362
1.71547678066 -4.74215455295
-0.673069849388 3.69481530892
2.49515082486 -4.50000717449
4.15861288048 -1.95435174756
-2.23965153223 3.27591665822
3.58983298925 -3.01369896652
-3.83031503648 2.68273095928
-1.58982613705 3.65723454033
3.60985266003 -1.12213534968
4.98950578601 -2.32541067036
-4.91507110743 4.00524720745
-1.58708291871 3.44516173182
4.42800100543 -1.51293640361
-4.25418756937 3.52403463089
-3.82050918756 1.17147470449
1.31009625855 -1.19670955732
-3.27135294218 3.45063483506
-4.09730284434 2.93487955461
-3.93323650491 0.621785961396
2.00084026837 -4.67509414213
-3.5161881595 1.62251776433
-4.78653419639 2.66337717261
3.1767446712 -0.601090102384
-0.880141332605 4.49428000817
1.10873038731 -4.55151035851
-3.81185681275 3.18331869374
4.07958800768 -2.97444502699
-4.81935655774 4.28767880014
3.78355649691 -0.469823438747
3.10730932458 -4.98746876254
-3.71393134233 4.65648545411
2.26997334398 -3.56209959219
-3.60518663945 2.08053352193
3.75815591532 -4.70102726897
4.23792636188 -3.32833131674
-3.33179416784 0.781414438289
-4.19792233276 4.38322963195
1.22460968801 -3.0416213581
-4.25728548647 3.30196331102
-2.87153222385 1.50718595739
-3.47326527167 1.3741902734
-3.74516724975 0.651516116363
3.36140665188 -4.75390141342
4.65577333753 -2.2181735796
-4.05104932421 4.10517494612
1.59753944349 -3.22625832139
-0.478912352079 3.88874087811
-1.56135042911 3.90819574933
-1.45209676282 4.99593547272
-3.31571212085 3.83015102094
2.88130802599 -2.7564886785
-3.82728946841 0.728891972911
-1.50945578391 1.03555957248
-3.72800371103 2.65606169516
2.55649480541 -3.9273836726
-0.872668890603 1.74677977576
-3.86120106461 1.0023732684
3.96947448522 -1.11402455896
2.6558550045 -3.40017930615
2.092645177 -2.90844001688
0.365423338629 -4.92552347606
-3.95432925708 0.810689906577
0.971967019613 -3.87784324097
4.68035195524 -2.89712868255
3.8736158333 -4.16795605404
4.49272181999 -3.47486472588
1.65268730952 -2.58025430484
1.36086716795 -1.8546201437
-0.497303514223 4.16843414898
4.82723807751 -2.24338444277
4.24840280847 -4.89035033895
-3.65092801539 4.15738867419
4.89971990477 -3.53134431728
3.73312100284 -1.94678791792
4.92443497214 -1.88261096794
-2.73507100799 0.760078783813
4.50764944876 -3.31843558636
3.32890270198 -2.88191465602
2.74245902122 -2.220560579
-3.49583390809 0.955983912334
-4.68179630745 0.591720221995
2.38433383277 -4.76545077529
-2.80804286859 2.38321583329
2.28533153715 -4.80222635962
-4.05178137595 0.992250233672
4.2882139183 -2.61076053498
4.4414620399 -0.939755353592
2.26657590948 -1.82761407809
-1.45710021809 1.36653778725
2.16330637268 -4.40297116957
-4.48209909021 0.909200231949
4.81119639154 -4.52623041975
-1.62823689504 2.66121273599
-4.16766056461 0.636614100636
4.37425620824 -3.0085772144
-1.50262943705 2.02801874211
-4.28633396236 3.04486621915
0.473664847938 -4.65976397141
-0.627429698286 4.21518519607
1.21862287942 -1.41699984776
4.43115949952 -3.30070461794
0.818957696504 -3.24827763593
4.99414675108 -3.76122594456
2.55918524945 -4.54976978231
2.04161516532 -1.95684904716
-0.457518805702 3.54219142243
0.959671773137 -4.73081968964
4.51981026371 -0.840966985878
1.85956841252 -4.65318383558
-3.26684636382 1.89554706392
2.10549630594 -3.16040352047
3.54900830984 -4.50955037981
-3.39767230417 3.76703823255
-3.62443896818 3.08473394457
1.35948415088 -3.61672319074
-4.98198848541 0.921410494801
-3.37686322309 1.55787996095
-4.55209713052 0.565704634377
4.31518497966 -1.0672338642
1.76373171409 -2.49370291699
-4.49888280365 1.27573060974
2.8936755811 -3.55299780575
3.73774276388 -0.833690515879
-4.66001069628 0.65221907428
-2.93363320544 3.9363088432
2.34819001793 -4.13979196951
1.98421805251 -3.21750001814
-4.5464959657 2.87192356618
2.29903075401 -3.45080925884
-2.76244397705 2.12289993664
4.32159709423 -3.52306805928
-1.13819810805 2.03265756487
-2.07419449596 2.01585820944
-2.01407683477 1.43863870902
-1.20618216987 2.57253459026
-1.24910166419 3.72089150322
1.01217544226 -1.71789604019
-2.47569270606 3.0257298796
2.2910188921 -2.35475357627
-3.38044176558 4.35132639336
3.70699011159 -2.33405218971
-2.77850255806 0.677594097782
-4.40716034636 4.29021259379
-3.01749742936 1.06019698905
-0.848964374582 3.60567303193
-4.26763245921 4.86465910218
2.58382178205 -2.42081289728
-2.84843683815 1.18607357762
3.3197320059 -2.48370641865
-3.1901629773 3.94959270016
2.45249206323 -3.43120242242
2.88412165439 -2.04615499209
-3.8307662791 0.707879447396
-3.60352146072 1.88997755838
-1.342296872 1.54911500823
2.1746797459 -4.21284282889
-2.56696860168 2.91820931137
-4.33717380018 1.50594774699
-3.38898788816 4.38448684752
-2.70463267514 4.69363206413
3.41984126964 -4.68832724573
2.0276577299 -2.40294447754
2.51524846356 -2.72514752832
2.86100107466 -3.51420716404
3.51931196318 -1.82463162656
-0.944889581455 2.41642336713
3.23784676092 -3.86187036127
-4.00450671548 4.98945780786
-4.49348327609 1.01238135784
3.56912940171 -2.85182770061
2.87691545918 -4.74872188018
-3.61330643531 1.02887712373
-3.56918752569 1.97043025507
-4.46487711292 0.619587953464
0.369806424355 -4.73771088182
-4.43081596842 3.9401268828
3.49791369741 -2.47776357324
1.55059691011 -4.90958103141
4.16813465511 -1.17614952164
3.30926416351 -1.30622120679
-3.12283406466 3.01413965018
-0.533934962048 4.26086047146
-0.699972446467 2.34485832563
2.68995594552 -4.45051511159
-2.24428453161 1.96011308652
2.1933784689 -3.29433150884
3.36462724807 -3.31497489618
2.07176188089 -0.97079344578
-1.39109880173 3.40723044558
-2.20738762399 0.704214393719
4.53084546872 -1.72188200639
-2.94302118233 4.74446534248
-4.28880820318 3.99088050267
4.35220903274 -3.89734220601
3.45108811816 -4.92374576373
-1.76581434223 4.55079959268
-1.63230944895 2.89472897707
3.2411586239 -0.942797898427
4.37384526803 -4.52055938929
-4.56114254037 1.54030525115
-0.740935596209 4.23924784088
-4.79813813761 1.59329476194
-3.96036934334 4.45631271739
3.94555859719 -3.27198787638
1.01053609217 -2.45394374918
-1.75085056096 4.78015771122
4.37865069466 -4.90290297882
1.52205609663 -2.54756966773
-1.45750815462 1.14016393103
2.92091722038 -3.8143628679
-2.30575914885 1.03569336338
2.50293779689 -4.20209076755
-3.96113493831 2.25467173713
-4.94900991287 4.18767196662
-1.31866440341 3.333530646
3.31545260011 -0.705901404834
2.52231305195 -2.19100208977
-4.32713495343 1.36410511825
-0.576044621228 3.99978840031
-4.4007316691 3.5489966264
-2.99347429764 3.08496264871
4.63250391925 -3.58061561481
2.68832586054 -4.48126512422
-3.35837893245 0.571752885078
-0.534130578625 4.90132494676
-4.50440102275 4.89695252365
-3.56069139096 1.51596241799
3.68363223001 -4.03831852315
4.48684556262 -3.28327408789
-4.99623116499 2.98408713903
-1.12681075612 1.82277658939
-1.64109554125 2.46923763683
-0.790824479578 1.92152371739
1.79975544602 -3.19278364203
-4.0339275342 4.79527198172
4.60926991892 -2.6984112757
-2.53267717786 1.41273476965
-2.51890932601 2.42302246485
3.24919912052 -2.01075443772
-4.00840004836 3.19808894914
-1.41615934117 2.72494221583
-4.67672155329 1.34251140987
3.79915697064 -3.00045616223
-4.84977973751 3.85596825031
-4.56229483892 2.99545581361
1.35146280142 -1.34523114347
2.46068529698 -4.99344688254
1.71784916782 -3.82710974692
-1.35295414772 2.32316545934
3.02858052229 -3.8188927686
-4.49580440872 1.23303708611
0.831430681713 -3.13171469654
-4.55034599622 3.57457070985
3.74751136914 -2.79515215463
1.70742768783 -2.60378056952
3.92031262274 -3.64197959875
-1.20198876093 3.48354106541
-2.2949277963 4.89094753461
-3.57340888357 2.10337331955
-3.56699636701 4.79041985148
0.924237233585 -4.51453585983
-2.4914956684 1.12275219125
-3.91515967121 1.95270928505
4.69271257664 -1.44023604915
4.22347445821 -4.9111360344
3.69343997474 -3.22604543303
4.96543349479 -0.422530951998
3.0901425058 -1.51339157919
4.30444931857 -2.86974425069
-3.87420183017 0.402587308291
4.89079125524 -2.14301616559
-1.24765147386 4.51551461381
1.74404709565 -4.10964333985
-4.68373080618 1.21018029739
-1.40209425218 2.45536195975
2.82184432314 -2.74189243965
1.616771488 -3.92378098215
-3.36328125401 2.19026085033
-0.532191989747 4.53371299327
-4.89587713482 4.8979160781
-4.10190798405 1.99726872733
0.663469170762 -2.35320586872
3.82427664642 -4.56898077704
-1.60046164656 3.31166259616
-2.72675542084 0.776939258185
2.00042708658 -2.57647535294
-2.55939221114 3.23136533359
2.20564416065 -4.3125431544
1.30975634622 -4.35753863679
-3.09025728391 3.59051178243
3.37504519792 -1.79228442746
0.55317692114 -4.81813934667
4.47765174166 -0.552742759487
1.79991333766 -1.97720539701
1.99510142973 -1.47997667176
-0.971597648394 4.42512623677
4.43077098642 -2.54731306096
-0.622678283523 2.72008795215
4.47280604462 -0.677027029693
1.07582004678 -1.57445031308
1.4847647958 -3.74193150305
4.09216388616 -3.68710216331
-4.75554088547 3.42620798295
-2.04563422129 3.31763308843
-1.56462387307 4.29197723973
-2.34492070288 1.55454064029
-3.58138147918 2.71673692633
-3.63322433346 3.3364601415
4.16074720523 -4.66264913721
-2.20898991093 2.23895589828
-1.89130177536 2.80127664217
2.84679347764 -1.29700060918
2.71419129875 -2.72055524874
-4.41882901332 0.697377619383
-3.03919040022 3.19331283391
-2.2964310787 3.73328045189
4.20972377187 -3.93757500277
3.54497105241 -0.530142323596
4.23883617518 -4.7041542884
-1.69253432683 4.10828881798
-4.70327143728 3.17903393768
1.05187511918 -3.11034886151
-2.56264893693 3.66040199008
-2.41821757121 2.83254645748
3.58497574255 -1.8680171109
-1.74667110915 2.99843153961
-1.71792839834 3.56810485223
-3.76889029161 3.88696943775
-1.23894468743 3.03300425769
-4.83031076014 1.49466643468
1.90642758249 -4.92277213875
0.394312796159 -4.11330970917
-2.25991567229 0.67471884234
-2.03407901596 1.83553386462
1.76274701469 -2.31950503304
-4.39173502487 3.73954500841
4.0998317502 -1.07783259661
4.57551367501 -2.60997591699
4.37359782843 -0.381415284386
2.47344404532 -0.793237021414
-1.83332389476 1.48267046598
2.71905515069 -3.66182347514
3.08204832891 -0.649234236808
-3.16385850514 2.38790148304
4.33498833129 -3.11227522674
-2.50196714235 2.25449015935
4.69087681894 -3.98276383384
-4.49139976831 1.03390008904
-4.11004103138 1.64185244582
3.66331807295 -4.72421105241
3.6446361107 -4.87788608959
-4.64419781011 3.41090687871
-3.13379908859 0.544598155604
-3.72082531476 1.01488100561
4.51507557341 -3.07668332632
-3.60278793643 4.46210908604
-0.813167470686 3.36927121596
1.91490293541 -2.30263978432
-2.1818311646 2.13582164077
2.34623090441 -3.2486012357
-0.691444951217 3.6278535732
-4.54463513845 0.923749399683
-3.8311217729 1.03612011636
1.75503122669 -1.7858648511
-4.44340392405 4.34466289012
4.05631462774 -0.724819080542
1.62366048583 -4.43976520655
3.56252468425 -3.86053300277
0.741796799747 -3.83598312535
2.97429914007 -0.870596444791
1.38265554184 -2.76119269062
-4.48483877532 4.35313285527
3.21096098861 -0.951257468266
-2.14870693959 2.25244506181
-3.26642191364 3.91311125912
4.06497475813 -1.06843720933
3.27581819175 -1.7718368272
-4.77823920193 3.04781991446
1.02304961034 -2.65985871167
-2.36205672 4.4099831062
3.96958769537 -2.49394551382
1.52982844035 -4.64346692674
-4.20715015376 1.8929437572
1.7203513181 -2.69211304839
0.615521854821 -3.85958258159
-3.41724488487 2.00922483775
-4.89461666413 3.41467093483
3.29433526536 -2.65203763888
3.2696909423 -4.30705503969
2.08583444263 -2.28121827504
2.87784746884 -3.25763929282
-4.74040901658 0.600556672598
-4.67868820963 4.53953052146
1.41123159217 -2.09471139374
4.81072275334 -3.45142713796
1.11107270488 -3.74458907333
1.10827098923 -2.55391566153
-3.67175417567 4.0585705743
0.450503955538 -3.6069134765
1.42319762021 -4.16014402844
3.81371361705 -1.65277686843
2.58414253824 -3.72157724306
4.33967069021 -0.966040744448
-4.24555775237 4.89806191612
-1.31183590965 4.97134273307
3.6579209617 -3.56156393353
1.3260489662 -3.1543813787
4.53886267275 -3.26955301594
