-2.05434500698 -4.55807227659
4.94542106634 1.49641918569
3.11520660384 2.98239950669
-4.55760341842 -3.0211991225
-4.17545519178 -1.06933075903
2.90209472114 2.91555034843
3.25590250932 3.87815951658
2.67675780414 4.26327431263
-4.72043937955 -1.14236899607
3.56521151785 3.0556356996
0.946606980222 1.86919558008
2.41244405282 2.50935376531
-1.90151153681 -4.95250879306
-3.17973799232 -3.57417446484
-4.17293484501 -3.54857599871
2.03130328346 2.23225190731
-1.65273674514 -2.17005860191
-2.55054564987 -0.622467786548
-3.78776544929 -3.2941216838
-3.65532156351 -3.77789821593
2.20384869842 2.51526132029
3.8851179008 4.38956519968
1.68026661626 3.97871092843
1.02035935815 4.49247729069
-3.77176337977 -3.83814787871
-3.9343338944 -4.20703845162
4.86067906897 4.21551747349
-4.13224434426 -0.561233753861
3.78192029684 0.790716417975
-1.43874721824 -3.51877815978
-2.45072629519 -4.26274388764
0.805189896194 4.92865995818
-1.95165091704 -2.07224219519
-4.22062019516 -0.679804740403
1.51170902616 4.83318579573
3.38362953773 0.685225819594
1.66587309934 3.0281661648
-0.890009794321 -2.77515370322
1.49034158775 2.88907140442
3.30800500338 1.57131355058
3.63955301628 0.501486556575
-1.87884217627 -0.882559382484
2.43045038308 1.79477197324
-2.74336868651 -3.37666455116
-1.15029952777 -1.38991351642
-2.2881562228 -2.15169380371
3.04051087379 0.732068034944
4.25008633814 3.08449728471
2.85197080172 1.65047650607
1.17689382692 2.21931457257
1.64056431334 3.85632005983
-1.01483088043 -4.21162655814
-3.28944361246 -2.67414812618
0.377269265628 4.44072030676
-4.69178279085 -1.71519082077
-3.13992182071 -0.977149695808
3.57849539791 1.55882427419
-3.5474327846 -1.02300557906
3.05192367282 4.17901236945
4.46617618577 0.595784473167
4.24233812513 4.45515248982
2.38342562 3.31099991457
2.61193938234 4.86073686963
2.05545625829 1.06023457754
1.68389354083 3.39446967126
-1.42837500437 -4.63881932001
-4.02787900591 -2.94072349997
1.67114135347 2.61305608042
-4.46741184622 -1.88083103885
2.96274827595 2.21311142249
1.50000286951 2.32037858521
-4.31139766074 -0.763773332572
2.71356129338 1.65034938974
-4.25015750113 -3.57685654248
0.529135919097 3.13743675296
-4.69988770607 -1.83254156273
-2.76079036216 -3.77179142283
1.74423818966 3.40013627628
3.21959883273 1.37909134726
-4.48288016748 -4.73940250861
-2.51070024051 -3.56254997079
3.73608101657 3.87066113149
-0.926913784515 -2.59339671368
-1.86623372153 -3.57209199069
4.22344872089 3.05775451353
3.04394484037 4.77767740886
-3.31865337502 -4.82842464331
1.86909058438 1.96107493635
2.88434722076 1.24118239507
3.35975896842 4.61992561251
-3.0923837543 -0.626759223191
2.43879731402 1.76952154474
3.32754149601 1.49788409348
-3.66104638467 -4.65062172096
3.70427418851 4.20472036714
-4.81510450204 -0.990893645692
2.78388606244 4.76304609667
3.39686005508 2.76826026166
3.08648771519 4.43941365943
1.99765224254 1.69741049475
2.40179585693 2.82040361242
1.54969573387 1.70368359715
2.86761021697 4.90049809252
-4.06513824373 -0.919862115995
-1.0605069448 -3.63358535092
-2.93044313487 -4.90921397096
-2.44647775024 -3.36458027463
-1.13130762941 -2.65383171578
4.98680602805 4.64357513859
-1.35612719989 -2.40260126935
-4.31178785933 -0.741972611303
-1.88553653555 -1.39420360112
2.96953732199 2.83206410328
0.524347720938 4.02049183764
3.48551985344 4.34832107396
2.67317400571 3.55611381049
-3.7551509539 -4.54273876351
3.11699134903 0.677600033867
3.5009644017 4.25004946077
-0.89074536638 -2.96405183205
-1.91496644481 -4.41469237181
-2.46970565396 -3.19093430356
4.64786776209 2.60297077077
-3.61165801364 -1.53333481813
2.45471936004 2.51149688539
3.39193729806 2.80971111059
-3.68026598227 -3.2496208058
1.31018570044 3.91509497971
-4.92526930351 -0.468811029084
-4.52114458894 -1.40726577785
-3.66784799334 -4.94358886577
4.93690886116 3.22990268976
1.17008862804 3.85503056222
-3.76895197939 -1.7056919209
-4.05141788369 -1.35593084176
1.07607229453 3.94396977554
-3.7208528171 -4.84385326381
4.42471727487 2.77706903818
-4.20677312047 -1.40522080696
-2.76115288395 -1.82523215872
-4.00823662788 -4.87045336088
3.21455213054 4.55826783671
-2.91867756213 -4.83915184171
3.63877081064 1.82797997651
0.973124053527 4.83054957071
2.42704884111 3.35335717142
-1.10755060549 -1.6599648763
-4.01825323169 -1.53410883608
2.2886635696 3.17631065873
-3.36649016119 -1.26518574297
-4.68525904639 -2.25868306014
3.8582210907 3.47177527936
-3.10482853505 -1.84540019864
4.67128729941 0.370359097941
2.63148707951 2.98660633221
-4.85450625545 -3.90475105732
1.81938241461 2.0256998494
4.03625294118 1.52047463062
-1.92188202821 -4.19420678822
4.87659516471 2.70077542838
-1.66421841529 -1.11666452156
4.06646934658 4.68364252115
2.20846909208 1.76501742465
4.67212293636 0.46300253415
-1.72183047526 -2.91897905309
-4.05712523076 -3.66934291586
1.38691700383 1.5745273505
-1.17836421889 -3.88267906393
1.79192931411 3.23124237915
-4.81472866346 -3.19351184584
-3.60046949406 -2.14067110647
0.60506898211 2.51615798794
1.96690378867 1.77816270432
-1.2504213284 -1.48880289002
-3.28618676896 -4.32678078542
-2.88954544579 -4.10858476692
1.99007540072 2.63925060936
4.14810970579 1.95300599601
4.53622235083 4.68018395239
1.31196391893 4.25784949508
-3.31082331223 -3.54301065011
1.57501962503 1.32107911961
1.76743301225 1.16768701766
1.74223870611 1.50727468861
-4.02980601676 -1.0353245204
3.93759894733 0.953268541031
2.73203857541 3.04406087223
-4.19463481285 -4.03033848333
-3.21135731639 -2.02394219793
3.12701764568 2.09826613901
4.81373137426 0.558620805547
4.50137004382 3.51308519948
-1.50946372252 -4.10524405616
3.03951638819 2.36080412123
4.62503461201 1.44837892881
3.74669806598 0.774991792499
-4.41060608116 -2.95457733242
3.58055695222 3.57949377739
-1.71943388371 -1.90015049729
1.61050224797 2.31617631246
3.41158306126 3.60470215441
0.887897269443 4.96308022644
1.78254187593 1.52408328336
-0.782695396004 -4.66713245829
-0.847635750416 -3.46605089635
-4.03948738584 -2.64137680273
2.32310761724 3.07191759852
1.92536990245 2.47052368822
-2.27398668312 -1.46833632152
1.49042232143 1.23124284981
2.86093402944 4.23604044697
4.10498641819 4.47604924281
-1.55354191809 -4.42519113186
4.3269920278 1.37280706443
4.01045430199 4.08301173029
3.01357247766 4.73311271783
4.50422752096 3.67139128019
-4.03405970006 -4.77362676616
1.78285150884 4.44494934329
-3.35165155426 -1.88283491404
-3.89660878883 -3.56484482594
-3.44014036189 -3.47732262316
3.27674979631 1.57159571449
-3.50615573006 -1.70325313423
-2.94434162374 -1.35359292575
3.95281440631 0.991929304091
1.43233968737 3.82362861752
-4.55629971043 -3.99954324135
-2.3039398648 -4.682576049
2.62663074044 4.81149742536
3.46294527443 3.2753383914
2.8097658513 4.69441471694
-1.22285984486 -4.97730345198
-4.73011912119 -0.657428849377
-1.50441578898 -4.10195362765
2.30802879872 4.780379232
-0.500414848691 -4.57461095848
-3.01606993919 -2.52306839594
-4.82256667696 -1.14903980191
-0.904926015964 -3.12065379909
2.46805073796 2.57110706853
-4.30298382892 -1.16786850294
4.47559719175 1.67285474365
-3.63445296197 -1.69560461592
-1.35755266898 -4.846452994
-1.49610500994 -3.30938593906
2.08616304618 0.785615546852
-4.19976368348 -3.56174928003
-2.69494172729 -2.27762154357
-1.61012518168 -3.46991482452
4.06959952628 4.22332290643
-0.386397907478 -4.90621240848
-0.981884735995 -4.97676975351
3.71535448358 1.46862657906
-3.09856649408 -2.20028404394
-3.43267287812 -4.54109841349
-3.00672520419 -1.46864980222
4.55712530326 2.13303585549
-1.51548562011 -3.83319970346
3.73871364529 4.51061231806
-3.3360071977 -0.893373808612
4.50688494121 1.67670495476
-4.5017573245 -4.84948271464
-1.85067478911 -4.50866998499
2.47896756285 1.13336917892
4.5413312086 3.76480142578
4.51371133166 4.71551680389
4.4077684365 3.86363384961
-3.33015054696 -4.45965136317
-1.09416697934 -2.0750679704
1.06616069466 2.2998454051
-0.650514460379 -3.91422828862
-3.80475047239 -3.29618680542
-4.06235370094 -3.11742022013
-0.537949348319 -4.09031159018
4.52562762882 1.47621521927
-2.24628231847 -0.981063148079
3.55950482873 1.83300637149
-2.3016508541 -4.79986494176
-2.0642525702 -1.47609896362
1.39302334595 4.69021967094
3.24530177359 3.31440558092
-1.97621884706 -3.17665278366
-4.6556776341 -0.998059433343
4.8510564728 1.32459826425
3.4604055376 3.5919327589
-4.84357956713 -3.51712609273
1.25544809299 2.28555145469
4.42687828183 3.41872857911
4.98535697168 1.95019790446
-4.3663398888 -1.60299262154
1.49987740828 2.78888601793
4.8378994959 1.13036210541
3.67190222029 2.35211001202
1.72021627744 4.75726833513
-3.23825407316 -3.49694347921
4.44715962302 0.594259318819
-1.92598372772 -4.88231327466
-3.30085475497 -4.91900036702
-3.42043766608 -0.463914252283
-3.77158846548 -3.33310099366
2.36101213234 4.71167245045
-3.91217028287 -4.91443718935
2.70442570969 3.70088052354
1.1555752507 2.62728539657
-3.45870885177 -3.84064608087
2.84171108469 0.871360440436
-3.76738656342 -3.64486920548
2.32898451681 3.44858376916
-3.30628491285 -4.95641223374
1.74715969099 3.20596532186
1.1025969277 4.41026437693
-4.27452480944 -4.66727459589
-4.0959308914 -4.2191232398
-2.99677051442 -2.17592885654
-2.86174989152 -4.95714709928
-3.32362616409 -4.58110850483
-2.64635876517 -4.05467432833
-3.51330507104 -3.2647924725
-4.81706393367 -1.18490996778
-4.49355341671 -3.65765764867
1.6463071869 2.61860754032
4.54403097799 4.25945556016
-1.64400557028 -4.27770741113
4.47334238437 2.38490129217
1.92282878767 1.57256315563
-4.78536112717 -4.31924858404
3.85091202003 1.55295553919
3.54481980129 1.22556397661
-4.95363471627 -2.9513544743
-3.81794933588 -2.35893710755
-1.07788565203 -4.43301425229
-1.05748482463 -3.91195196198
-4.53638169001 -3.23045370092
4.02692974973 3.71800392037
-4.26313422401 -4.71239263754
2.6442298887 4.14670226519
-2.527834177 -4.52840151887
3.65975585914 1.70838947841
-1.08305137339 -4.88046878547
3.84323684905 0.755761305328
-4.8069567708 -1.1247297477
2.65016798799 2.62221423051
2.07750395042 1.97855003899
2.79350461473 2.45671843254
-2.96768738758 -2.6781804063
4.57172690671 2.37214406588
0.690221401869 3.60468644496
-3.64413450148 -3.54826039469
4.5441918411 4.28912539195
-0.662193904457 -3.35911029765
-1.56095822812 -4.09388397514
-4.57910849131 -3.69130498417
2.79893687455 3.66693788376
-1.90657278922 -1.16659323006
2.89701858126 4.38568374743
2.44468943784 3.68285012628
1.8208400278 2.1327304827
-2.61309670448 -0.950221338328
-3.21346097588 -2.57085489186
0.531211818495 4.23353593184
-2.78925759103 -4.54678221067
3.51399690007 3.13640539338
3.79272386983 3.03839962223
-4.98482858843 -3.97639421383
-4.68319264702 -1.73529957633
-1.44799874244 -3.08683988719
-2.4965662165 -2.27895651214
-2.24363315228 -2.3285090023
-0.576050416775 -4.75679633863
-1.91186277998 -4.38261219224
-1.44564229521 -3.81439749221
3.60443010998 3.98183345738
-3.66539231219 -1.54542344464
-1.56345085558 -1.37946167113
-3.82697772247 -2.40742202053
4.15765424767 1.62340378164
3.83175566084 4.21779861414
1.15875928008 3.94467634863
-1.59652098202 -3.38894570128
-1.41754832816 -2.43934113292
3.78628441687 4.19060651083
2.98469398945 0.814970028674
-1.36222349556 -2.12618577772
-3.51830388039 -2.87557533765
1.23645420694 2.5156367135
2.38896308935 3.0363271953
2.20843482008 4.90004602331
-4.43335396258 -4.10926339922
2.47927232107 2.49957122125
1.51784475751 4.09956806785
-2.61668753403 -4.48103995896
-1.24412524966 -2.7192264669
2.93149666872 2.94196506055
1.17936907905 3.96970095671
1.25385934012 1.36490095932
2.44483584979 3.71752649883
2.01216572258 3.33028975775
2.85965694919 1.63976130873
-3.57675977635 -1.74761062592
2.31579379948 4.2127812614
-1.65120916363 -4.01437080807
-2.78100436953 -3.16893692036
-2.97306374139 -4.64524504204
-2.57404985588 -4.22426860236
0.611820813289 4.43108964233
2.12370943185 0.996929253977
-2.9075107708 -1.75441502104
4.83874228069 4.42511556909
3.55294181675 4.72647845202
1.00381828064 2.93351341556
2.68640002575 3.77594860486
0.724704163013 4.30769866418
-4.1265729039 -2.96589330462
-3.46639037775 -4.11828283247
-4.15073795422 -4.93646453161
-4.94798597125 -3.773158633
4.59962517684 3.0979932515
-0.819936413192 -3.57396013952
-2.61711806861 -1.61409034984
-2.50742759628 -1.4522387943
4.60885221333 1.86264056553
-4.81967414452 -1.99254863767
-4.31313144346 -4.4479383432
4.98231748943 0.741311659849
-4.2260728719 -4.43184752631
1.3501302671 1.6492820844
-2.73767707038 -3.95778323085
-3.33098881462 -4.57025980778
-1.89296861217 -2.46749139231
-4.75395586811 -1.16656994576
3.33591932754 2.88677337426
-4.09597112257 -4.94453883975
-2.23200275757 -3.75183217742
-3.52223594383 -2.1245343543
4.85317320713 4.95083844751
3.8303793088 4.38552874985
-0.799634427626 -3.74927312852
-3.09404691612 -1.95896390132
1.52024154081 3.61704479772
-1.23149143444 -1.76314112988
-4.97520894915 -1.32206223071
-0.387517410155 -4.37153857868
-3.35362149278 -1.75361337598
3.22287742879 4.48995879462
3.07979900552 2.09821049869
3.55857388709 1.09927920976
-4.98019069416 -0.85343566802
-1.81986814637 -2.15051025188
4.36724314867 1.28295437935
-4.83594903393 -4.42536482037
0.523352517885 4.71988393315
1.66445446682 2.29858503634
2.02275405731 1.98527098558
3.1434611872 3.63225335441
-0.996205388293 -1.67064811117
-3.3968616194 -3.76351096835
2.32572262609 3.56660195932
-3.90837052733 -0.581254731169
2.88464152061 1.27549442003
-4.08147785378 -4.80900721285
-2.64516646448 -1.25501720318
-4.54442279256 -1.32223547701
0.92519003133 3.20639516506
3.17605034793 1.67908311107
-2.20650848322 -4.41334967265
2.92522741884 3.18249209526
3.019096811 0.978374421446
4.05802940425 1.84960326197
2.28914289692 3.11480079541
-3.82124922391 -3.73827133459
-0.5941446355 -3.56473404199
-4.30991418413 -2.43526555242
1.17469957238 2.72908649537
4.34724620778 3.78588797129
4.71514682294 4.57239850171
3.16530483335 4.82868197395
-0.858188215772 -2.34311347858
4.96107141627 1.20020592424
-4.0675833755 -1.2390668467
4.97831171125 2.22817046519
-3.12184533265 -1.0378306369
3.23226096729 2.61137713377
-1.63597742528 -2.81539329348
-2.37417939491 -3.34986494009
4.56510989884 4.96397501075
-1.00937878243 -1.54314049987
-1.70882303308 -2.52998393884
-3.23930527174 -2.73937638151
-2.46602731173 -3.41032575972
-2.82314750188 -4.07385288705
-1.81958545657 -2.97077084056
3.19179770889 4.7178328176
1.34112716226 3.75237660946
-2.09559181358 -1.97621277175
0.980940356696 4.69972252978
3.51299813681 1.78512575851
4.26058223601 3.57227436667
-4.95498551397 -3.13482635777
2.58682097437 2.66090506687
