1.11130426057 -0.156829327056
0.954453197718 0.372988505238
-4.2119188384 -0.0965315271157
-2.10517904065 -0.0767135161499
0.0915544215085 -0.31488828188
0.693633373387 0.606413698034
0.0713871322164 -1.17378777164
-0.0776928246336 2.55687631665
-4.85065968082 -0.0793641166439
3.18843349995 0.135599730207
-0.221714508197 0.129745380653
-0.0915026213771 0.240213399035
-2.80315745355 0.13215656796
0.0133284510399 1.22610983469
0.137621661028 -0.487007951215
0.0311800641418 -2.09587661455
0.04577734274 -4.72977126781
-2.63683683575 -0.0875409447088
3.56765330729 -0.00259706277695
-0.0400250946277 -2.21250775809
3.44635251231 -0.0126181421259
-2.05489514653 0.220567530683
-0.412104039527 -0.933379948476
0.873834855166 -0.507389242297
1.96310293412 0.0486227229364
-0.477554855789 -0.570119187644
-0.323353049561 0.0027755076756
1.18276700986 0.0372978459351
-0.353424605076 -0.485722431775
-0.843920002432 -0.362723788413
0.00862183562161 -3.28856624405
-0.87860849542 0.401759417469
-0.0223317916532 1.05921841353
-4.91136693402 -0.0799664369817
3.14830874301 0.147872805023
0.657317818315 0.566693164245
-0.70213202068 -0.50495233315
2.22383349172 -0.000148823187637
0.140932192544 0.909869825665
-1.29799654418 0.302471402006
-2.72533606917 -0.0306110749355
1.80027300785 -0.204352062896
-0.245483352619 0.485587664387
-0.0704960699816 0.385696963398
-4.67924897171 -0.0545239564592
0.190581766082 -1.34088924207
-0.0357858491632 3.24262608251
0.18859546213 0.869703102945
1.38289474028 0.0830951284951
3.65943919411 -0.0778938881559
0.147605950288 3.24314912884
-2.9173524151 0.0712546601688
-3.25366300841 0.0418467946642
-0.154319333152 3.09050645696
0.0591424640807 -0.0852713587299
0.218616941317 -0.659654202629
1.27270269473 0.016662499739
-0.763568489103 0.59524942158
1.11234275277 -0.140640749646
0.218999915072 1.59162382622
0.649177047264 -0.151887796756
0.0809388316218 1.7852708259
-1.9064267608 -0.0385476350685
0.803011188381 -0.202085326093
-0.0962201755994 3.53248541598
0.0775300902504 4.58139994732
0.00255499860149 3.00592476113
0.62638161711 -0.0321272289718
4.87230211316 -0.0655313510526
-1.62547361371 0.108953133225
-4.84714349638 0.0266386794122
0.260772654067 -0.663997206257
0.139035201101 -1.36386207773
0.0778064296556 2.77867754938
-0.0757712937814 -1.73449482402
-0.107263803234 1.62058406668
-2.35761484927 -0.142046841515
0.0872591707682 4.95155683466
-2.06419800129 0.195740145179
0.602722051819 0.43213028887
4.54398738243 -0.036874062168
-2.93736455627 -0.055347872518
1.49179971044 -0.31722581578
0.77426539834 0.293139742859
-0.0757645061568 -0.839905712211
-0.0196547236774 -1.72806225223
1.3419932693 -0.273368534478
-0.52463989527 -0.486573933933
-0.0646231487125 3.4826899161
-0.165891347205 -2.39777742294
-0.0336777327392 4.21401177471
1.23819376527 0.365037218809
0.79215800324 0.425004454028
0.115047401033 0.625979814197
-0.0257379918305 1.3226892894
0.254454424105 -0.472682163474
0.200887604482 -0.801619632471
-0.027620978212 3.16953858314
1.51093282809 0.290460929203
0.308779412823 -0.432585848387
-0.0914038534848 -1.37010594462
1.35128419278 0.354171079435
0.128875319 0.925360355605
0.0809939297397 0.313776224585
-1.47476401054 -0.290685396735
-0.810687835502 -0.0562519974428
0.175401412485 0.715289359503
-0.0301704410584 -3.35788696115
-0.690055927094 -0.656568664131
-0.239514516777 -0.938245723073
-1.07846450171 -0.216086141971
-0.0946264728438 -4.31387086964
1.83830012894 0.167878873347
0.0175823147711 3.75896974464
0.364242805646 0.854662844009
3.56410005604 0.0722721901158
-4.20769496636 -0.0855909396852
-0.86717457926 0.47807490553
-0.00889844901569 -2.91271325117
-0.081766311379 -4.66723442309
-0.788339889625 -0.494789026108
0.469284389669 -0.186385078821
-0.357098764241 1.3906317715
0.540935465485 -0.596222667517
4.11103233637 0.057699018775
0.140153032671 -3.4392476054
-2.47245645163 0.0889812167232
-0.601002997185 -0.0345349889985
3.97242881058 -0.0533907411201
0.53184524335 0.412431372715
-0.521628015163 0.93135801876
-0.12802793051 0.0873916264179
-0.0330151922815 1.31209650785
-1.72482205523 0.0573283930344
-1.24429064665 -0.180067815567
2.82271936478 -0.155582053505
-0.0898776926049 0.648594278623
2.42803792517 -0.107927575594
-0.0798313702373 -3.01793337387
-0.200558143609 -0.945033611331
0.0457654801351 -1.00214415464
2.35548251788 -0.0295035268004
-0.109369311793 0.13011246067
0.320646150001 1.4329887863
0.0680662337701 3.67665318373
0.236503484522 -1.4538587533
-0.0728990809851 -4.45273817304
1.30077409791 -0.0784915716554
-0.232271273613 0.432548385855
0.402867901495 0.340039837388
-0.018736233752 3.33278945271
-2.18403425523 -0.164777918173
0.067643210994 4.18915820877
0.475580482446 -0.209262025767
0.0860248730412 4.08181247805
3.23653063416 -0.0100954710317
-2.82348017323 0.156319259015
-1.59979761388 -0.218967816206
-0.0124256118831 2.37683601752
2.33357907049 0.184307540556
0.365225108802 -1.1765390568
-1.25691946188 0.0187214891834
2.37306190432 -0.0812695474672
-3.878710361 -0.06875922382
1.35818917599 -0.273952155662
0.534008012821 -0.499651867888
-1.43831648927 -0.0695648019
-0.170413574218 1.28111675823
4.61224104635 -0.0840458625511
-0.784897139567 -0.463280326897
-1.37727788959 0.167797678493
0.521202597021 -0.129133915077
-0.0861390759489 -1.78909860302
0.0831608169131 0.314582818759
0.520483246562 0.766187519494
1.65785880656 0.096883473927
-0.000265740559234 -0.271292540602
-0.60147001902 -0.595468097351
0.242764940635 -0.703638387547
0.105976400505 -3.87421073953
-0.742167366241 -0.266856572045
0.0489500448123 -2.57819556944
0.463794816532 0.604816573702
-3.45976554586 -0.0244953527373
0.752415235357 0.167108715974
-0.105893238316 0.854567263284
1.83582984031 -0.212797798622
0.101733202001 1.54190329791
-0.476161924663 1.02625132716
2.05498298723 -0.233527763595
0.264975569597 -1.76632190382
-0.348799017046 0.402923724085
-1.12113494672 -0.15266972188
-0.34595340758 -0.808333709683
0.149056813946 2.62205908272
-0.109176544732 3.1572447394
-4.72678788278 0.00577231351315
0.0536113543441 -4.04080627161
0.0380220851486 -0.429600366684
-0.0567336670551 3.5289728951
-0.152374704589 0.0565310524361
-0.350805376289 0.198162602821
1.15557818087 0.118867145604
3.50503125975 -0.138328519458
-0.243348659761 -0.410194534765
-0.649501607705 -0.742310549822
0.0364053487783 2.72959431488
0.0721472485659 -2.03523260155
0.404382313442 0.0487994382023
-1.18609631793 -0.0203083786897
0.241130847064 0.771640703135
0.174759666569 -2.61636290156
0.367277801396 -0.315402975491
0.37863818351 -1.09338572801
-0.657519931788 0.71362842041
-0.0403398491284 -2.67754966121
1.26849192098 0.356159484739
-3.25503626069 0.147599812537
2.40223551872 -0.0288714056628
0.0360006219714 2.30278072621
-0.643418721649 -0.551073717937
-0.0890397443224 -1.21056867213
-0.0714996994789 4.44589738887
-0.0233293714987 4.36998385199
1.57602432621 -0.162765877924
0.134534276458 1.57984497014
2.90251952183 -0.168479754913
0.454451365339 0.355253959172
-0.0247827898367 -1.32493919474
-0.417672800762 1.18555904803
-0.256479182659 -1.48098110051
0.90064075969 0.351615258946
0.239385704084 -1.83343609776
0.0582058123487 -2.13477037741
-0.820582490042 -0.452257273363
-0.503187558264 -0.720863355196
-0.877363961257 -0.317767418717
-2.51002347366 0.0412401472532
4.25725404921 0.0367097252958
-2.68199010628 -0.110507089669
0.0571019885768 4.99031160053
-1.85158674817 0.174650996093
-0.159263753627 -0.139768635705
-0.264693916638 1.1898557723
-0.0681328747351 -4.70607341091
-1.47564269335 -0.306578624376
0.0295957476875 1.49889998874
-1.51301586644 0.181641485854
-3.33801091457 -0.00341294480679
0.502589804571 -0.0581077084404
0.215492886105 -1.5405629484
0.0387958835366 -3.57360093634
-0.748076095384 0.169146145432
2.32642744827 0.00441077871671
0.166632890673 1.61252667224
-1.64691228777 0.220258469731
0.00604740006549 0.109869620001
-0.717081075912 0.691127462581
0.669673473136 0.258507220037
0.952668161336 0.00749613690455
0.34656876488 -0.589296289152
0.0494035309217 1.97231708895
-0.209533205678 -0.960274876911
0.321793039597 0.875320554596
-0.439580303987 -0.316855263485
0.123756932346 -3.36694489045
-1.95230451958 -0.231752401457
-0.384471907518 -1.1097254518
1.40773359107 0.329265678673
-0.259200164632 0.276855482419
1.92571150884 -0.150249305497
1.47414766109 -0.135183866139
-0.321758879427 0.42668589633
-2.27462016633 -0.139955515484
2.28173204051 0.114096310376
-0.0440942013154 1.69195604998
0.490315294065 0.592248407039
-0.0944716018734 0.135102674737
-0.226962514414 -2.09818326992
0.0345676386636 3.2822946989
0.587711060243 0.00651261104558
0.0504882823497 -1.08276311838
0.0160464626397 0.01433395219
0.251119609622 1.984947015
0.099160948524 4.73883013014
2.35907043878 -0.0716139573466
-2.60975946277 -0.191337220694
-0.696415973585 -0.209539394809
1.00820155487 -0.22739007842
3.44841401022 -0.0380293460532
-0.0386364332303 -2.21073403948
0.0490817136524 -1.18735163893
-0.0858027094424 -0.0248358486775
1.93768870119 0.0481110840742
-0.181080434435 2.5483845794
0.999626119125 -0.30293312911
0.0711348940383 1.07697845888
1.88849849249 0.214175206697
1.45187996161 0.0269874504221
-1.43381465479 0.215118370103
-0.0818805491491 4.40376850969
2.15316166343 -0.187473152369
0.944890677967 -0.339784137783
-1.64118523595 0.0150893305014
3.21289299553 -0.107278243271
-2.04304070933 -0.0478028087852
1.44934659644 0.0248458382636
0.109862381592 -0.210820348596
0.172611836382 0.849767087869
-0.0143689749052 -3.82090690429
0.0812626461437 -2.68903624284
0.53443539678 0.764132826717
-0.158505033206 0.963377680525
0.491931789308 0.704228849404
3.11344460526 -0.0153491323488
-0.0864588443811 -0.808479043642
-0.0306348676029 -2.86997207707
0.835045933527 -0.267742575742
1.77025027329 -0.0966581095385
1.19446769648 0.255367701397
-0.291510804625 -1.68238868204
-0.0163186215975 3.84372282201
-0.170284572184 0.16084873004
1.60367257947 -0.236549698439
4.26818154552 -0.0257817311718
-0.0356069482265 1.75599959953
-0.0272825006991 4.61566054709
-3.73612823412 0.017215407872
0.754093944075 0.579891405204
-1.1368712066 -0.246449941585
-0.0873291285584 -1.0778813112
0.210809363332 -0.884147835127
-0.626299135397 -0.754328943796
0.0416492835879 -0.755783859767
0.0979704396626 3.57180904278
0.0413062295722 -1.27362848576
2.2028140642 -0.113234893746
1.63011635304 0.0825121143051
-0.0140884817612 1.45891685453
4.49260926085 0.109356678661
-1.66698509664 0.106875952266
0.110378139716 0.766560439218
0.0386663331145 0.102910050985
-1.60056355968 -0.14611731815
1.68676131169 0.0459246083547
0.49917224133 -0.472184332301
0.0966842635062 -2.44387949396
0.124400118115 0.154101908444
-2.04860323091 -0.15167213703
0.173587644384 1.53363935304
-1.74830823639 -0.0195018802713
3.36128972568 -0.00424783029034
-4.25133408368 -0.0123717416165
-0.147490961143 -1.73627790695
-2.26003448893 0.159657216369
0.398476210651 -0.211482126876
-0.615299818642 -0.756422202895
0.209765614577 2.35172960701
0.346613108876 0.274396036764
1.84898119819 -0.0100928345479
-1.35982990669 0.0972419417703
3.14760349759 0.0297261014106
0.310952628208 -0.916761219781
0.0434718071458 -2.57450066991
0.960443293688 -0.016180433958
-2.45563353775 0.0274830884965
0.0510195264023 1.00849205623
-0.0252088544226 -3.50775639849
0.429457611937 0.151448366487
-0.0529370831005 1.94602793927
-1.50921981008 0.0366349599268
-0.249383137691 1.75846138733
-0.0922105422452 1.8943921009
2.0076997047 0.160915843878
-0.341696199189 -0.375935111774
0.739624484791 -0.277822870873
0.0305297124317 3.61191065195
1.16018300388 -0.280042480925
-0.50062763387 -0.876272291081
3.00732868636 -0.00643083077131
-0.188722234445 0.39991128211
0.258716453072 0.0161958633751
-0.0688443499455 -0.522802845771
2.3164972799 0.189239074675
-0.36384258939 -0.614891958143
2.45968218714 0.0249159206766
1.05133619996 -0.376416904165
0.0142498234578 1.76522269973
0.121528795978 -3.45349559006
-1.42973978307 -0.082081621679
-1.17626670051 0.242080247885
-0.170784801099 1.94692635699
-0.113619896191 2.91051697442
-4.96454530958 -0.0547628532734
-0.0868505471638 0.248201450769
1.89043270596 -0.246096417874
1.63683970888 0.227065198893
-0.456524730416 0.827488763307
-0.153839809327 2.01806117509
-0.808738828521 -0.609333287884
-0.42001381561 0.612125058418
2.1682684572 0.137963030761
0.462115665555 -0.548839292301
0.000905444211416 4.81412266374
0.28151849467 -0.489930354693
-0.14577249056 1.09645760034
1.38244961511 0.216118118886
0.761411969629 -0.582462047159
-0.0502868881742 -2.60757335723
0.155118742961 -1.79671665645
0.0910251050078 0.18396773416
-0.27023168661 0.0634652737088
0.832251096483 -0.28322706261
-3.10253413285 0.0212469705575
-3.62313992349 -0.0477419928514
0.738638524253 0.643840606758
-0.121994079104 -3.09891140019
-0.134230742414 1.34308806371
-0.0253575861761 0.519299739696
0.312921507169 0.319386028028
-1.68559911332 0.104878036922
0.350390824572 1.36067955571
0.0187203336765 4.89733359423
-1.57734662615 0.0898492539549
0.010613576481 -2.9273182283
-1.14740471142 -0.272673606204
-0.857642844344 -0.0818553188831
-3.68007856802 0.0737939940786
0.0539661596258 -1.33949183403
0.0174876983864 -0.808142470052
1.6230322598 -0.217010267877
2.61245497366 0.154758021062
-0.773576409787 -0.321432445489
-0.231591985138 -1.62462817317
3.3398067749 -0.0152305509586
-0.719334108742 -0.00798833121138
-0.879560516838 -0.419712250908
3.72488189902 -0.0945694638579
0.402108070115 0.95255049634
0.0900077367635 -1.69340372613
0.0424437005514 0.812170208915
0.314950496953 -0.845445349627
-0.514705737962 -0.154969978285
-0.025892552864 -2.85399851518
-0.138347422642 -1.56090576571
-0.522123551595 -0.482391192759
-0.987910846189 -0.204482314022
2.68613995993 0.126304995915
-0.0178162562228 1.76630796634
0.00228973703932 3.2169664836
-0.669530570765 0.409188291644
-0.467856634573 -0.134453831509
0.93446849897 0.346951953692
0.688997262406 0.582901211483
-0.519283747227 0.08779377668
-0.0112046073752 1.55414418983
-0.529288712902 0.296014567004
2.1980440277 0.123268996543
-2.51302707625 0.105653888818
-3.69455756452 -0.00831228551793
-0.0351866382433 1.17444040144
1.32423162502 -0.30082025037
0.335637954565 -0.692803084127
1.49326734313 0.0465221134814
-0.484196534654 -0.485308076807
1.71048409825 -0.22899058555
0.0320976741975 2.14707315579
-0.264044158074 0.541410755073
0.111471817321 0.473027421471
-0.232639614393 -1.69425381069
0.399102424152 -0.00105568287353
-1.38672361527 0.170341017477
0.273303773884 -0.269508484706
-0.269444572882 -0.905141153072
1.30022722637 -0.381100627678
3.69798908713 -0.0726299717697
2.01132312161 -0.00840271200314
0.70637043174 -0.452101473254
-4.00627038121 0.0585915685859
0.326553326108 0.902921493951
0.359681551263 0.435347112331
0.49771989759 0.677966793571
0.144026704564 1.29184521942
0.211348400472 0.966544245396
0.67433093542 -0.088524482435
2.18539591035 0.0865775985149
0.352668373253 -0.224901369704
0.182293799083 -2.1457920141
0.156024259149 -1.80181183781
0.120838046864 -4.04752090445
-2.59891506242 0.00132893559828
0.162313510238 -2.96603195683
3.14348269065 -0.0639044374412
0.181637696248 -0.594741750593
-0.0961523182244 -1.05866449089
0.975396170596 -0.0553420313564
0.0911893746035 4.65278100771
-0.0575040429885 0.332004012416
0.0456767031116 2.77629137829
-0.0273765613971 -4.00264644416
